M1 = 17*1000;
M2 = 754.2*1000;
k = 1252*1000;
F = 1;
mu = 0.02;
g = 9.8